# tpnsfand compatibility report
# date:          2026-06-22T16:12:55+02:00
# product:        / 
# bios:          N2UET74W (1.54 ) (LNV3: N2U)
# kernel:        7.0.12-arch1-1
# distro:        Arch Linux
# write_support: N
# lockdown:      [none] integrity confidentiality
# secure_boot:   
# ibm_fan:       status:		enabled speed:		1927 level:		auto 
# profile:       performance [low-power balanced performance]
# cpu_input:     /sys/class/hwmon/hwmon7/temp1_input
# nvme_input:    /sys/class/hwmon/hwmon4/temp1_input
#
time     phase  0x93 0x94 0x95    rpm  cpu  nvme
16:12:55 idle      4  255  255   1927   87    36
16:12:56 idle      4  255  255   1927   84    36
16:12:57 idle      4  255  255   1927   83    36
16:12:58 idle      4  255  255   1927   82    36
16:12:59 idle      4  255  255   1927   83    36
16:13:00 idle      4  255  255   1927   83    36
16:13:01 idle      4  255  255   1927   85    36
16:13:02 idle      4  255  255   1927   86    36
16:13:03 idle      4  255  255   1927   81    36
16:13:04 idle      4  255  255   1927   87    36
16:13:05 idle      4  255  255   1927   84    36
16:13:06 idle      4  255  255   1927   85    36
16:13:07 idle      4  255  255   1927   91    36
16:13:08 idle      4  163  255   1927   86    36
16:13:09 idle      4  163  172   2857   82    36
16:13:10 idle      4  163  152   3233   87    36
16:13:11 idle      4  163  155   3171   83    36
16:13:12 idle      4  163  159   3091   85    36
16:13:13 idle      4  163  160   3072   78    36
16:13:14 idle      4  163  160   3072   89    36
16:13:16 idle      4  163  160   3072   79    36
16:13:17 idle      4  163  160   3072   79    36
16:13:18 idle      4  163  159   3091   76    36
16:13:19 idle      4  163  159   3091   77    36
16:13:20 idle      4  163  159   3091   76    36
16:13:21 idle      4  163  159   3091   76    36
16:13:22 idle      4  163  159   3091   82    36
16:13:23 idle      4  163  159   3091   76    36
16:13:24 idle      4  163  159   3091   76    36
16:13:25 idle      4  163  159   3091   75    36
16:13:26 stress    4  163  159   3091   75    36
16:13:27 stress    4  163  159   3091   77    36
16:13:28 stress    4  163  158   3110   77    36
16:13:29 stress    4  163  158   3110   78    36
16:13:31 stress    4  163  158   3110   79    36
16:13:32 stress    4  163  158   3110   77    36
16:13:33 stress    4  163  158   3110   76    36
16:13:34 stress    4  163  158   3110   76    36
16:13:35 stress    4  163  158   3110   76    36
16:13:36 stress    4  163  158   3110   77    36
16:13:37 stress    4  163  158   3110   76    36
16:13:38 stress    4  163  158   3110   77    36
16:13:40 stress    4  163  158   3110   76    36
16:13:41 stress    4  163  158   3110   77    36
16:13:42 stress    4  163  158   3110   76    36
16:13:43 stress    4  163  158   3110   76    36
16:13:44 stress    4  163  158   3110   77    36
16:13:45 stress    4  163  158   3110   76    36
16:13:46 stress    4  163  158   3110   75    36
16:13:47 stress    4  163  158   3110   77    36
16:13:49 stress    4  144  158   3110   77    36
16:13:50 stress    4  144  153   3212   77    36
16:13:51 stress    4  144  146   3366   76    36
16:13:52 stress    4  144  140   3510   76    37
16:13:53 stress    4  144  140   3510   76    36
16:13:54 stress    4  144  141   3485   76    36
16:13:55 stress    4  144  141   3485   75    36
16:13:57 stress    4  144  141   3485   76    37
16:13:58 stress    4  144  141   3485   75    36
16:13:59 stress    4  144  141   3485   75    36
16:14:00 stress    4  144  141   3485   76    36
16:14:01 stress    4  144  141   3485   75    37
16:14:03 stress    4  144  141   3485   76    37
16:14:04 stress    4  144  141   3485   75    37
16:14:05 stress    4  144  141   3485   76    37
16:14:06 stress    4  144  141   3485   75    37
16:14:07 stress    4  144  141   3485   77    36
16:14:08 stress    4  126  139   3536   76    36
16:14:09 stress    4  126  133   3695   76    37
16:14:11 stress    4  126  128   3840   76    37
16:14:12 stress    4  126  124   3963   76    37
16:14:13 stress    4  126  123   3996   76    37
16:14:14 stress    4  126  123   3996   76    37
16:14:15 stress    4  126  122   4028   75    37
16:14:16 stress    4  126  122   4028   75    37
16:14:17 stress    4  126  124   3963   76    37
16:14:18 stress    4  126  124   3963   75    37
16:14:20 stress    4  126  124   3963   75    37
16:14:21 stress    4  126  124   3963   76    37
16:14:22 stress    4  126  124   3963   76    37
16:14:23 stress    4  126  124   3963   74    37
16:14:24 stress    4  126  124   3963   75    37
16:14:25 stress    4  126  124   3963   76    37
16:14:26 stress    4  126  124   3963   74    37
16:14:28 stress    4  126  125   3932   74    37
16:14:29 stress    4  126  125   3932   75    37
16:14:30 stress    4  126  124   3963   76    37
16:14:31 stress    4  126  124   3963   76    36
16:14:32 stress    4  126  124   3963   76    36
16:14:33 stress    4  126  124   3963   76    36
16:14:34 stress    4  126  124   3963   75    36
16:14:35 stress    4  126  124   3963   74    36
16:14:37 stress    4  126  124   3963   74    36
16:14:38 stress    4  126  124   3963   75    36
16:14:39 stress    4  126  124   3963   75    36
16:14:40 stress    4  126  124   3963   76    36
16:14:41 stress    4  126  124   3963   75    36
16:14:42 stress    4  126  124   3963   75    36
16:14:43 stress    4  126  124   3963   74    36
16:14:45 stress    4  126  124   3963   74    36
16:14:46 stress    4  126  124   3963   74    36
16:14:47 stress    4  126  124   3963   74    36
16:14:48 stress    4  126  124   3963   74    36
16:14:49 stress    4  126  124   3963   75    36
16:14:50 stress    4  126  124   3963   75    36
16:14:51 stress    4  126  124   3963   75    37
16:14:52 stress    4  126  124   3963   75    37
16:14:54 stress    4  126  124   3963   74    37
16:14:55 stress    4  126  124   3963   74    37
16:14:56 stress    4  126  124   3963   76    37
16:14:57 stress    4  126  124   3963   75    37
16:14:58 stress    4  126  124   3963   75    37
16:14:59 stress    4  126  124   3963   76    37
16:15:00 stress    4  126  124   3963   76    37
16:15:01 stress    4  126  124   3963   75    37
16:15:03 stress    4  126  124   3963   74    37
16:15:04 stress    4  126  124   3963   75    37
16:15:05 stress    4  126  124   3963   75    37
16:15:06 stress    4  126  124   3963   75    37
16:15:07 stress    4  126  124   3963   75    37
16:15:08 stress    4  126  124   3963   75    37
16:15:09 stress    4  126  124   3963   75    37
16:15:10 stress    4  126  124   3963   75    37
16:15:12 stress    4  126  124   3963   75    37
16:15:13 stress    4  126  124   3963   75    37
16:15:14 stress    4  126  124   3963   75    37
16:15:15 stress    4  126  124   3963   75    37
16:15:16 stress    4  126  124   3963   74    37
16:15:17 stress    4  126  124   3963   75    37
16:15:18 stress    4  126  124   3963   75    37
16:15:20 stress    4  126  124   3963   75    37
16:15:21 stress    4  126  124   3963   75    37
16:15:22 stress    4  126  124   3963   75    37
16:15:23 stress    4  126  124   3963   75    37
16:15:24 stress    4  126  124   3963   75    37
16:15:25 stress    4  126  123   3996   76    37
16:15:26 stress    4  114  123   3996   71    37
16:15:27 stress    4  114  120   4096   72    37
16:15:28 stress    4  114  117   4201   78    37
16:15:29 stress    4  114  113   4349   77    37
16:15:30 stress    4  114  113   4349   80    37
16:15:31 stress    4  114  112   4388   80    37
16:15:32 stress    4  114  112   4388   76    37
16:15:34 stress    4  114  113   4349   79    37
16:15:35 stress    4  114  113   4349   77    37
16:15:36 stress    4  114  113   4349   79    37
16:15:37 stress    4  114  113   4349   77    37
16:15:38 stress    4  114  113   4349   78    37
16:15:39 stress    4  114  113   4349   80    37
16:15:40 stress    4  114  112   4388   80    37
16:15:41 idle      4  114  112   4388   82    37
16:15:42 idle      4  114  112   4388   88    37
16:15:43 idle      4  114  113   4349   82    37
16:15:44 idle      4  114  113   4349   80    37
16:15:45 idle      4  114  112   4388   81    37
16:15:46 idle      4  114  112   4388   81    37
16:15:47 idle      4  114  112   4388   84    37
16:15:48 idle      4  114  113   4349   77    37
16:15:49 idle      4  114  113   4349   78    37
16:15:50 idle      4  114  113   4349   80    37
16:15:51 idle      4  114  112   4388   78    37
16:15:52 idle      4  114  112   4388   80    37
16:15:53 idle      4  114  113   4349   79    37
16:15:54 idle      4  114  113   4349   80    37
16:15:55 idle      4  114  112   4388   80    37
16:15:56 idle      4  114  112   4388   78    37
16:15:57 idle      4  114  112   4388   79    37
16:15:58 idle      4  114  113   4349   80    37
16:15:59 idle      4  114  112   4388   78    37
16:16:00 idle      4  114  112   4388   77    37
16:16:01 idle      4  114  112   4388   78    37
16:16:02 idle      4  114  112   4388   78    37
16:16:03 idle      4  114  112   4388   84    37
16:16:04 idle      4  114  112   4388   77    37
16:16:05 idle      4  114  112   4388   78    37
16:16:06 idle      4  114  112   4388   79    37
16:16:07 idle      4  114  112   4388   78    37
16:16:09 idle      4  114  112   4388   87    37
16:16:10 idle      4  114  112   4388   79    37
16:16:11 idle      4  114  112   4388   81    37
